p cnf 47 135
-9 14 0
-8 14 -1 0
-14 8 9 0
-14 1 9 0
-10 15 0
-9 15 -1 0
-15 9 10 0
-15 1 10 0
-11 16 0
-10 16 -1 0
-16 10 11 0
-16 1 11 0
-12 17 0
-11 17 -1 0
-17 11 12 0
-17 1 12 0
-14 19 0
-13 19 -2 0
-19 13 14 0
-19 2 14 0
-15 20 0
-14 20 -2 0
-20 14 15 0
-20 2 15 0
-16 21 0
-15 21 -2 0
-21 15 16 0
-21 2 16 0
-17 22 0
-16 22 -2 0
-22 16 17 0
-22 2 17 0
-19 24 0
-18 24 -3 0
-24 18 19 0
-24 3 19 0
-20 25 0
-19 25 -3 0
-25 19 20 0
-25 3 20 0
-21 26 0
-20 26 -3 0
-26 20 21 0
-26 3 21 0
-22 27 0
-21 27 -3 0
-27 21 22 0
-27 3 22 0
-24 29 0
-23 29 -4 0
-29 23 24 0
-29 4 24 0
-25 30 0
-24 30 -4 0
-30 24 25 0
-30 4 25 0
-26 31 0
-25 31 -4 0
-31 25 26 0
-31 4 26 0
-27 32 0
-26 32 -4 0
-32 26 27 0
-32 4 27 0
-29 34 0
-28 34 -5 0
-34 28 29 0
-34 5 29 0
-30 35 0
-29 35 -5 0
-35 29 30 0
-35 5 30 0
-31 36 0
-30 36 -5 0
-36 30 31 0
-36 5 31 0
-32 37 0
-31 37 -5 0
-37 31 32 0
-37 5 32 0
-34 39 0
-33 39 -6 0
-39 33 34 0
-39 6 34 0
-35 40 0
-34 40 -6 0
-40 34 35 0
-40 6 35 0
-36 41 0
-35 41 -6 0
-41 35 36 0
-41 6 36 0
-37 42 0
-36 42 -6 0
-42 36 37 0
-42 6 37 0
-39 44 0
-38 44 -7 0
-44 38 39 0
-44 7 39 0
-40 45 0
-39 45 -7 0
-45 39 40 0
-45 7 40 0
-41 46 0
-40 46 -7 0
-46 40 41 0
-46 7 41 0
-42 47 0
-41 47 -7 0
-47 41 42 0
-47 7 42 0
-9 0
-10 0
-11 0
-12 0
8 0
13 0
18 0
23 0
28 0
33 0
38 0
43 0
-1 -5 0
-1 -7 0
-2 -5 0
-2 -6 0
-2 -7 0
-3 -6 0
-3 -7 0
-4 -6 0
-4 -7 0
-5 -6 0
-5 -7 0
